   1         "t+aa"   25  108.159561  47.745556  87.525368
   2         "t+ae"   24  110.331520  47.244526  70.994926
   3         "t+ai"   25  103.814423  55.860847 122.774521
   4         "t+au"   37   47.183163  45.829201  72.614807
   5         "t+ee"   33  113.074387  70.833488  64.581329
   6         "t+ii"  102  346.374176 254.510040 263.842926
   7         "t+oe"   25  111.115799  55.654442 108.544487
   8         "t+oi"   24  114.758385  56.795872 122.600334
   9         "t+uu"   59  334.046265 130.738770  97.775497
  10         "t-ae"   24  236.221191 174.094803 231.808060
  11         "t-ai"   25  115.585930 113.301132 243.395828
  12         "t-ao"   21  100.524879 215.241409 251.591400
  13         "t-au"   22  170.178757 134.152374 184.266937
  14         "t-oe"   25  115.013344 217.403458 175.770966
  15         "t-oi"   24   89.383492 101.511894 262.647461
  16         "t-ou"   21  141.794968 114.538361 153.588287
  17       "e-k+au"  123  522.937988 241.983795 196.096512
  18         "t-uu"   25  234.089767 281.877045 167.444839
  19        "k-e+t"   11   15.847238  15.123901  48.997555
  20           "sp" 4498  3567.993408
  21        "k-i+a"  144  356.424622 349.595520 380.794678
  22        "k-o+h"   13   25.921535  18.665981  36.457588
  23        "k-o+p"   52   73.715317  67.510941 188.137527
  24      "aa-t+ao"   21   90.539703  34.497658  44.678074
  25      "aa-t+au"   22  108.070488  40.792068  74.987808
  26      "aa-t+ou"   21  119.172501  43.876743  75.524475
  27       "uu-r+a"   34   88.269608  46.189659  66.167809
  28        "k-u+i"   94  113.798813 100.409424 119.634445
  29        "a-h+i"  106  180.597473 129.136856 175.351028
  30        "a-k+a"   91  324.801849 144.073303 102.418221
  31        "a-k+i"  107  269.618713 118.944664 123.679169
  32       "k-aa+i"  158  626.929016 531.803223 301.254730
  33        "a-m+a"  122  415.639679 221.963470 191.948318
  34        "a-n+a"   45  121.831352  79.265160  73.355377
  35        "a-o+r"   37  107.514015  49.693909  49.292961
  36        "a-r+a"  152  173.152206 161.524521 184.539429
  37        "a-r+e"   80  101.751549  88.217033 101.538170
  38        "a-r+i"  161  231.814682 177.285538 196.355972
  39        "a-r+o"   60   78.634499  64.877319  81.299355
  40        "a-r+u"   55   76.586426  63.513584 101.708450
  41       "m-aa+o"  162  930.792419 283.780945 209.167603
  42       "m-aa+t"  132  846.742676 403.904694 962.784668
  43        "a-t+a"  209  579.013733 271.687134 252.148117
  44        "a-t+i"   25  188.382217  39.420437  35.581390
  45        "n-o+h"   90  149.458603 118.445953 164.030960
  46        "a-w+a"   99  296.692566 241.937363 270.892181
  47         "m+aa"  226  742.960754 433.207489 451.027283
  48         "m+ao"   25  203.714096  57.848026  51.111282
  49         "m+au"   47  263.502289  98.132881 117.610222
  50         "m+ou"   25  128.654251  66.884384  67.782288
  51         "m-ai"   92  190.703003 208.319321 156.880371
  52         "m-ao"   25  212.916656 278.646057 257.769775
  53         "m-au"   25  240.476471 165.791840 243.203323
  54       "k-au+m"   68  173.147263 226.536652 427.291443
  55       "t-uu+r"   34   51.805573  72.854004  67.728065
  56       "m-au+N"   22   58.659863  79.387741  73.920235
  57       "t-ee+n"   33  165.774979 100.013824 102.720947
  58        "t-a+N"   52   90.288322  77.862129  84.726349
  59        "t-a+h"  106  174.126907 124.699783 158.706238
  60        "t-a+m"  122  171.010391 150.048798 245.864838
  61        "t-a+r"   39   89.092323  57.971127  55.412903
  62       "e-m+ai"   92  350.894867 159.619766 166.340240
  63        "t-e+k"  123  132.605133 168.957733 326.081451
  64        "t-e+r"   25   45.330330  62.475826  48.349220
  65       "h-oi+h"   24   86.190742 175.416702 102.276482
  66       "w-aa+h"  116  469.763367 328.650635 274.671478
  67        "t-i+k"   93  101.173294 105.545891 188.085770
  68        "t-i+u"   25   42.716969  38.223064 102.797516
  69       "w-ae+w"   22   80.509285  66.418777  73.015388
  70       "w-ai+a"   78  190.208206 237.558395 208.362457
  71       "w-ai+r"   36   94.379852 111.725899 129.041595
  72         "n-au"   88  329.775696 175.050644 178.194260
  73         "n-ei"   23  164.079346 113.548218 205.829483
  74        "t-o+r"  108  212.027161 149.512009 164.960907
  75          "N-a"  362  535.242249 419.140717 551.990906
  76          "N-i"   63  108.782570 104.469482 196.649780
  77        "t-u+a"   68   85.843475  76.426537 179.568008
  78        "w-a+k"   91  128.936401 128.063202 306.390900
  79        "w-a+r"   55  106.395432  66.391251  73.954124
  80         "f+aa"  161  708.100220 360.277191 376.467743
  81      "aa-n+au"   88  324.274017 213.270462 218.179337
  82         "f-aa"   73  501.966766 146.052551 137.920456
  83         "w+aa"  240  501.604370 600.479492 576.418030
  84         "w+ae"   22   39.632294  44.989021  57.531734
  85         "w+ai"  114  204.740723 186.641907 205.637680
  86         "w-aa"  124  989.822449 315.349823 331.520264
  87         "w-ae"   22   51.695171  54.574249  81.365456
  88          "a+r"   60  335.180542 100.449120  77.644455
  89          "a+w"   99  525.881531 258.229614 248.285233
  90      "oi-h+oi"   24  136.032349  82.480659 107.939049
  91        "m-a+r"  279  406.820374 305.011932 309.131866
  92        "m-a+t"  156  284.740601 253.598404 681.355408
  93       "p-oo+f"    4   12.996634   7.000533   6.883324
  94          "e+n"   90  208.785858 286.943420 175.556915
  95          "f+a"   80  350.164001 151.820175 130.918930
  96          "f+i"   53  161.225388  63.499363  59.623028
  97       "t-oe+t"   25   96.495110 120.360970 202.796021
  98          "h+a"   40   95.702194  55.287590  46.571659
  99          "h+o"    2    2.666287   2.229977   6.350186
 100          "h-a"   73  132.989548  83.236794  95.883598
 101          "h-i"  250  348.404297 372.996307 909.478210
 102          "h-o"   90  163.970810 118.459076 145.479370
 103       "ai-a+t"   78  188.353821 150.443573 354.446106
 104          "i+w"  210  401.808136 557.121033 709.855469
 105          "i-a"  201  591.283142 257.343994 325.058655
 106          "i-u"   25   42.044922  30.746000  91.207977
 107        "m-i+h"   28   42.879539  48.404697  65.265106
 108          "k+a"  182  400.846497 246.199753 204.200943
 109          "k+e"   11   30.111454  17.993916  14.140216
 110          "k+i"   37   60.957409  38.762508  38.709038
 111          "k+o"   13   20.953678  16.075790  17.053434
 112          "k+u"   94  300.461914 166.266785 101.617538
 113          "k-a"   91  173.993637 107.487366 139.688766
 114          "k-i"  151  381.927490 320.959686 654.928467
 115          "k-u"   10   12.922111  10.956900  33.589394
 116          "m+a"  211  684.021057 357.212708 333.735321
 117          "m+i"   28   83.586823  31.739077  34.674145
 118          "m+o"   97  331.501526 134.775452 132.460007
 119          "m-a"  106  203.683716 116.514778 152.891144
 120          "n-a"   97  122.315788 103.658928 114.030846
 121          "n-e"   25   50.413929 163.437881  90.824463
 122          "n-o"   73  227.336304  88.937401 110.884911
 123          "o+n"   73  285.631348 152.649429 129.236908
 124          "p+u"   10   17.987537  12.681441  10.347401
 125        "m-o+a"   45  154.243362  86.141708  63.839989
 126        "m-o+k"   52   74.292763  63.702477 110.623009
 127          "r+i"  106  160.988739 119.452179 157.144836
 128          "r+u"  172  265.728851 184.926483 245.526047
 129          "r-a"   37  107.808006  56.116169  69.518227
 130          "r-e"  105  127.901764 374.762909 233.306030
 131          "r-i"  166  187.497284 222.984879 605.640564
 132          "r-o"  138  346.603058 172.769669 209.350220
 133          "r-u"  163  247.273315 178.705124 355.217926
 134          "t+a"  290  524.640503 349.328827 331.109558
 135          "t+e"  123  196.702560 138.956787 140.274857
 136          "t+i"   93  268.379822 123.934349 108.299896
 137          "t+o"  108  246.489395 161.287613 147.902664
 138          "t-a"  180  382.135803 198.823410 240.235291
 139          "t-e"   11   11.830202  23.986393  13.223940
 140          "t-u"   53   67.623878  59.766846 117.561790
 141          "sil" 8996  23901.175781 3567.993408 9803.657227
 142          "u-a"  276  645.667053 336.422272 420.500793
 143          "w+a"  146  305.968781 238.586700 209.034012
 144          "w-a"  195  412.679474 233.290421 333.820831
 145          "w-i"  114  209.686783 236.632721 395.435150
 146      "ae-w+ae"   22  115.505859  50.868401  48.110348
 147       "ai-r+u"   36  120.542053  47.845196  59.839382
 148      "au-m+aa"   68  239.272583 148.637131 164.651596
 149         "p+ae"   24  103.964592  75.200340  54.306198
 150         "p+ai"   24  117.515816  70.616570 113.884781
 151         "p+ao"   25  100.228607  59.171272  48.549183
 152         "p+au"   25   95.347519  64.385551  90.050041
 153         "p+oo"   28  135.331619  63.713669  55.243080
 154         "p+ou"   24  104.268044  91.417839  67.144295
 155        "f-a+r"   80  149.444092  88.217621  92.795906
 156         "p-ae"   24  194.675247 168.599960 266.395386
 157         "p-ai"   54  147.955780 189.379547 294.466949
 158         "p-ao"   25  153.529312 291.079987 266.236298
 159         "p-au"   25  181.230087 159.468155 260.501526
 160       "f-aa+n"   88  500.162811 274.977661 175.809357
 161         "p-oo"   24  374.031403  86.707306  87.810493
 162         "p-ou"   24  242.657547 186.582535 218.130005
 163         "p-uu"   40   93.814156 133.704926  67.405891
 164        "i-N+a"  168  453.098480 417.232056 511.838165
 165        "p-u+k"   10   10.860739  10.471391  13.317233
 166        "p-u+n"   52   58.867462  55.266788  66.615662
 167       "a-p+ai"   30  100.281181  65.259560  45.586575
 168       "a-p+uu"   40  187.431396  65.969734  46.797470
 169        "f-i+r"    4   12.388957   7.381598  11.102914
 170        "f-i+t"   53   57.228294  70.261673 159.162140
 171       "h-aa+N"    9   30.736546  25.063732  18.813927
 172       "ii-m+a"  102  227.575363 172.203827 175.451736
 173         "h+aa"    9   17.725437  21.817335  46.005920
 174         "h+ae"   92  209.865784 127.263496 107.626923
 175         "h+au"   23  166.715591  65.069717  58.649933
 176         "h+ee"   24  104.445946  62.731026  86.387009
 177         "h+ei"   24  162.508789  67.849930  62.846813
 178         "h+ii"   23   90.358086  54.509022  50.555492
 179         "h+oe"   25  131.246811  96.496071 108.351868
 180         "h+oi"   24  126.063606  69.849487  61.759262
 181         "h+ou"   24  133.203522  83.274681  88.170181
 182       "h-ae+r"   92  180.642273 205.211105 143.205658
 183         "h-au"   23  172.381927 150.862717 186.789963
 184         "h-ee"   24  425.118317 137.658295 172.062012
 185         "h-ei"   24  182.301132 254.940323 227.185730
 186         "h-ii"   23  163.025345 305.898254 161.990555
 187         "h-oe"   25  102.842522 182.630157 235.376282
 188         "h-oi"   24   90.478722 128.017929 251.380753
 189         "h-ou"   61  532.141479 408.426025 310.945923
 190        "i-a+o"   37   89.040771  49.047657  51.034645
 191        "i-h+i"   28   48.413761  35.874130  46.969666
 192       "n-aa+k"   10   31.015249  25.332657  63.725113
 193        "i-k+a"   93  349.654205 167.663055 121.767899
 194        "i-k+i"  151  331.377686 173.069031 189.864227
 195        "i-m+a"  106  336.849396 163.680038 141.102570
 196       "au-N+a"   22   60.573189  52.523819  69.151039
 197      "ee-n+aa"   10   34.567204  28.859182  33.864040
 198      "ee-n+ei"   23  117.470680  69.180962  67.151199
 199        "i-r+i"    4    4.547106   4.012503   4.245523
 200        "i-t+u"   53  276.464691  92.479279  61.258892
 201        "i-w+a"   96  324.845520 165.390030 156.999237
 202        "i-w+i"  114  247.459106 177.199921 173.973190
 203       "ae-r+e"   92  154.774124 110.837891 124.909157
 204        "o-N+i"    2    3.369498   2.059026   2.067644
 205       "t-ii+m"  102  219.822021 199.439957 179.227570
 206       "t-aa+n"   25  302.193634 114.084419  63.302219
 207      "oe-t+oe"   25  130.701721  60.574562 131.022446
 208         "r-ae"  157  866.164490 476.133606 463.697388
 209        "o-a+n"   45   91.014282  57.601337  66.087173
 210       "oo-f+i"    4   12.201968   6.895392   5.020806
 211       "aa-N+i"    9   17.433668  10.547154  86.019562
 212       "a-r+ae"  157  204.674347 174.551819 303.318817
 213       "t-au+h"   37  179.836960 212.648682 187.909088
 214        "o-h+a"   73  160.567932  99.594330 121.381096
 215        "o-h+o"   90  228.233643 133.294800 151.225388
 216        "o-k+o"   52  120.595589  70.294212  64.857719
 217       "k-oo+r"  138  353.871979 296.897583 352.795441
 218        "o-n+o"   73  226.886429 141.337448 134.537292
 219       "oo-r+e"  138  360.237793 187.326385 237.964508
 220        "o-p+u"   52  250.141541  81.086609  58.114906
 221        "o-r+a"   37   52.191788  38.845692  59.834961
 222        "o-r+i"  162  266.313751 178.545914 186.356903
 223        "o-r+u"  108  161.193863 123.936111 253.241608
 224        "r-a+N"   79  165.348145 111.815948 122.158043
 225        "r-a+k"  107  185.428177 194.017624 520.680115
 226        "r-e+m"   92  109.946144 136.642899 239.190933
 227        "r-e+r"  138  202.381790 264.298035 233.939102
 228       "m-ou+t"   25   87.799728  93.842796 190.153503
 229        "e-n+o"   90  316.693207 215.373077 161.926773
 230       "aa-h+i"  116  228.837997 135.353226 157.210129
 231        "r-i+N"   10   10.782743  15.515751  28.854464
 232        "r-i+k"  151  176.724762 234.879654 472.202332
 233        "r-i+m"  106  130.034851 134.545776 329.625519
 234       "aa-i+N"  158  202.274017 208.061310 261.461823
 235      "au-h+ou"   37  238.019226  91.463608 136.236359
 236        "e-r+e"   25   46.725277  28.589510  33.774231
 237        "e-r+o"  138  223.145126 164.112854 220.712112
 238        "e-t+e"   11   26.535048  15.774467  13.436209
 239       "aa-n+e"   25  119.552757  66.810265  48.846207
 240        "r-o+h"   60  146.873734  77.786774  91.478386
 241       "aa-o+r"  162  258.298981 237.008163 241.376221
 242        "h-a+p"   40   56.975342  71.214981 232.271530
 243         "k+aa"  158  380.433990 307.246246 282.775391
 244         "k+au"   68  194.230759 116.912659  97.838074
 245         "k+ee"   25  138.893906  60.005726  56.719521
 246         "k+ei"   24  135.426498  54.314857  58.032108
 247         "k+ii"   25   84.386551  47.013615  40.011200
 248       "aa-t+u"   68  406.468994 112.027679  78.802582
 249         "k+oo"  138  439.321136 213.291687 159.041794
 250        "r-u+a"  208  525.202393 328.369598 621.867188
 251         "k-au"  123  387.022949 305.053680 310.111053
 252         "k-ee"   25  412.835663 196.781799 187.420181
 253         "k-ei"   24  191.806381 254.715332 224.075363
 254         "k-ii"   25  162.850830 341.340271 181.605865
 255         "k-oe"   10   23.299536  52.529114  36.429657
 256        "u-i+a"   94  146.485321 264.492249 357.917542
 257        "h-o+N"    2    5.148500   3.681311   6.477551
 258        "u-k+u"   10   28.105556  13.926756  10.099031
 259      "aa-k+oe"   10   46.877819  22.278034  13.020148
 260        "a-N+a"  172  425.804718 310.572784 456.918121
 261        "a-N+i"   52  152.450912  71.683289  81.280220
 262        "u-n+a"   52  124.128296  92.269302  75.193832
 263        "k-a+N"   93  171.633484 124.062012 150.598602
 264       "ou-t+e"   25  150.011261  46.602837  35.513760
 265        "k-a+p"   30   85.195091  57.549267 144.741653
 266        "k-a+r"  152  246.884857 167.025681 176.178879
